1
10
15
7 9 2 13 12 10 11 6 18 19
8 20 11 6 14 9 9 12 7 18
4 12 14 15 17 5 13 7 8 9 
7 8 4 9 20 12 2 11 14 13 
19 18 9 13 14 8 7 10 6 4
15 8 9 14 13 12 20 6 11 7
3 10 17 12 2 11 8 9 18 5
11 4 6 14 18 12 9 7 16 9
9 7 12 13 18 4 12 5 11 10 
6 8 12 10 11 13 17 5 3 17
0 2 4 6 8 8 6 4 2 2 4 6 8 6 4
2 0 1 3 5 7 9 2 7 8 1 3 8 8 2
4 1 0 1 2 3 4 5 6 7 8 9 3 4 5
6 3 1 0 5 1 3 7 8 3 5 6 8 2 9 
8 5 2 5 0 2 7 9 1 3 7 3 6 8 1
8 7 3 1 2 0 5 7 4 9 1 7 3 8 4 
6 9 4 3 7 5 0 3 8 1 8 3 9 2 4 
4 2 5 7 9 7 3 0 3 7 2 4 5 9 1
2 7 6 8 1 4 8 3 0 2 6 8 4 6 2
2 8 7 3 3 9 1 7 2 0 2 7 8 4 3
4 1 8 5 7 1 8 2 6 2 0 6 4 2 8
6 3 9 6 3 7 3 4 8 7 6 0 8 3 4 
8 8 3 8 6 3 9 5 4 8 4 8 0 7 3
6 8 4 2 8 8 2 9 6 4 2 3 7 0 2
4 2 5 9 1 4 4 1 2 3 8 4 3 2 0